sw  1042  572 78 68 960 480
sw  881  571 79 69 800 480
sw  738  579 62 61 640 480
sw  563  582 77 58 480 480
sw  421  567 59 73 320 480
sw  253  584 67 56 160 480
sw  91  577 69 63 0 480
sw  1049  407 71 73 960 320
sw  898  403 62 77 800 320
sw  743  424 57 56 640 320
sw  574  412 66 68 480 320
sw  401  424 79 56 320 320
sw  260  404 60 76 160 320
sw  102  411 58 69 0 320
sw  1067  254 53 66 960 160
sw  881  257 79 63 800 160
sw  721  255 79 65 640 160
sw  576  259 64 61 480 160
sw  400  248 80 72 320 160
sw  255  261 65 59 160 160
sw  90  258 70 62 0 160
sw  1040  96 80 64 960 0
sw  896  100 64 60 800 0
sw  747  87 53 73 640 0
sw  563  107 77 53 480 0
sw  425  95 55 65 320 0
sw  251  98 69 62 160 0
sw  89  96 71 64 0 0
sw  814  325 206 185 510 0
sw  265  277 245 233 0 0
sw  957  331 263 279 610 0
sw  364  395 246 215 0 0
sw  365  357 315 323 0 0
sw  942  235 138 125 720 0
sw  552  182 168 178 360 0
sw  211  233 149 127 0 0
sw  1149  556 51 44 1080 480
sw  1040  553 40 47 960 480
sw  917  550 43 50 840 480
sw  791  556 49 44 720 480
sw  662  544 58 56 600 480
sw  549  550 51 50 480 480
sw  426  557 54 43 360 480
sw  304  543 56 57 240 480
sw  192  541 48 59 120 480
sw  78  543 42 57 0 480
sw  1141  438 59 42 1080 360
sw  1021  426 59 54 960 360
sw  917  437 43 43 840 360
sw  782  434 58 46 720 360
sw  676  425 44 55 600 360
sw  544  421 56 59 480 360
sw  440  432 40 48 360 360
sw  315  440 45 40 240 360
sw  180  420 60 60 120 360
sw  71  423 49 57 0 360
sw  1145  311 55 49 1080 240
sw  1021  315 59 45 960 240
sw  910  309 50 51 840 240
sw  793  304 47 56 720 240
sw  666  319 54 41 600 240
sw  557  311 43 49 480 240
sw  431  300 49 60 360 240
sw  300  302 60 58 240 240
sw  194  316 46 44 120 240
sw  74  320 46 40 0 240
sw  1149  188 51 52 1080 120
sw  1035  188 45 52 960 120
sw  910  198 50 42 840 120
sw  793  184 47 56 720 120
sw  680  191 40 49 600 120
sw  547  182 53 58 480 120
sw  425  185 55 55 360 120
sw  304  194 56 46 240 120
sw  190  190 50 50 120 120
sw  72  196 48 44 0 120
sw  1159  79 41 41 1080 0
sw  1020  71 60 49 960 0
sw  910  72 50 48 840 0
sw  800  61 40 59 720 0
sw  679  76 41 44 600 0
sw  544  80 56 40 480 0
sw  422  71 58 49 360 0
sw  310  69 50 51 240 0
sw  198  69 42 51 120 0
sw  69  74 51 46 0 0
sw  882  549 138 131 680 340
sw  533  550 147 130 340 340
sw  227  512 113 168 0 340
sw  859  185 161 155 680 0
sw  562  189 118 151 340 0
sw  189  227 151 113 0 0
sw  874  351 206 189 540 0
sw  296  304 244 236 0 0
sw  1021  246 179 154 800 0
sw  652  244 148 156 400 0
sw  211  237 189 163 0 0
sw  420  446 250 224 0 0
sw  1173  607 37 53 1100 550
sw  1059  623 41 37 990 550
sw  948  620 42 40 880 550
sw  834  614 46 46 770 550
sw  720  606 50 54 660 550
sw  621  624 39 36 550 550
sw  500  622 50 38 440 550
sw  396  614 44 46 330 550
sw  284  620 46 40 220 550
sw  179  608 41 52 110 550
sw  73  612 37 48 0 550
sw  1159  508 51 42 1100 440
sw  1059  513 41 37 990 440
sw  945  510 45 40 880 440
sw  831  513 49 37 770 440
sw  733  496 37 54 660 440
sw  612  512 48 38 550 440
sw  503  496 47 54 440 440
sw  387  511 53 39 330 440
sw  293  511 37 39 220 440
sw  169  503 51 47 110 440
sw  62  502 48 48 0 440
sw  1160  395 50 45 1100 330
sw  1053  386 47 54 990 330
sw  937  398 53 42 880 330
sw  826  396 54 44 770 330
sw  731  397 39 43 660 330
sw  613  390 47 50 550 330
sw  512  396 38 44 440 330
sw  393  401 47 39 330 330
sw  291  399 39 41 220 330
sw  179  387 41 53 110 330
sw  65  404 45 36 0 330
sw  1171  293 39 37 1100 220
sw  1058  278 42 52 990 220
sw  953  290 37 40 880 220
sw  836  278 44 52 770 220
sw  733  290 37 40 660 220
sw  606  276 54 54 550 220
sw  497  278 53 52 440 220
sw  391  288 49 42 330 220
sw  282  291 48 39 220 220
sw  172  294 48 36 110 220
sw  56  281 54 49 0 220
sw  1165  169 45 51 1100 110
sw  1056  181 44 39 990 110
sw  937  166 53 54 880 110
sw  839  184 41 36 770 110
sw  727  167 43 53 660 110
sw  610  184 50 36 550 110
sw  504  172 46 48 440 110
sw  390  180 50 40 330 110
sw  283  167 47 53 220 110
sw  168  171 52 49 110 110
sw  61  181 49 39 0 110
sw  1156  57 54 53 1100 0
sw  1064  62 36 48 990 0
sw  937  62 53 48 880 0
sw  828  74 52 36 770 0
sw  731  72 39 38 660 0
sw  624  61 36 49 550 0
sw  502  60 48 50 440 0
sw  404  74 36 36 330 0
sw  283  69 47 41 220 0
sw  178  61 42 49 110 0
sw  61  60 49 50 0 0
sw  961  408 119 132 810 270
sw  699  447 111 93 540 270
sw  406  410 134 130 270 270
sw  161  432 109 108 0 270
sw  968  149 112 121 810 0
sw  702  180 108 90 540 0
sw  427  135 113 135 270 0
sw  135  160 135 110 0 0
sw  941  365 199 205 570 0
sw  371  293 199 277 0 0
sw  1169  610 41 50 1100 550
sw  1052  621 48 39 990 550
sw  935  619 55 41 880 550
sw  838  613 42 47 770 550
sw  733  622 37 38 660 550
sw  624  618 36 42 550 550
sw  511  623 39 37 440 550
sw  400  606 40 54 330 550
sw  283  616 47 44 220 550
sw  183  615 37 45 110 550
sw  72  619 38 41 0 550
sw  1171  511 39 39 1100 440
sw  1046  500 54 50 990 440
sw  945  505 45 45 880 440
sw  838  499 42 51 770 440
sw  729  503 41 47 660 440
sw  608  496 52 54 550 440
sw  512  499 38 51 440 440
sw  392  514 48 36 330 440
sw  275  510 55 40 220 440
sw  177  506 43 44 110 440
sw  72  513 38 37 0 440
sw  1173  401 37 39 1100 330
sw  1058  401 42 39 990 330
sw  940  398 50 42 880 330
sw  829  390 51 50 770 330
sw  730  386 40 54 660 330
sw  616  403 44 37 550 330
sw  510  403 40 37 440 330
sw  389  404 51 36 330 330
sw  293  403 37 37 220 330
sw  167  393 53 47 110 330
sw  60  391 50 49 0 330
sw  1172  280 38 50 1100 220
sw  1054  278 46 52 990 220
sw  939  285 51 45 880 220
sw  831  276 49 54 770 220
sw  715  281 55 49 660 220
sw  616  294 44 36 550 220
sw  495  290 55 40 440 220
sw  403  279 37 51 330 220
sw  292  291 38 39 220 220
sw  173  293 47 37 110 220
sw  73  292 37 38 0 220
sw  1174  182 36 38 1100 110
sw  1051  179 49 41 990 110
sw  940  168 50 52 880 110
sw  829  166 51 54 770 110
sw  715  167 55 53 660 110
sw  608  168 52 52 550 110
sw  495  165 55 55 440 110
sw  397  178 43 42 330 110
sw  276  165 54 55 220 110
sw  183  170 37 50 110 110
sw  62  179 48 41 0 110
sw  1172  69 38 41 1100 0
sw  1054  63 46 47 990 0
sw  943  56 47 54 880 0
sw  826  74 54 36 770 0
sw  722  61 48 49 660 0
sw  621  60 39 50 550 0
sw  497  70 53 40 440 0
sw  403  69 37 41 330 0
sw  280  69 50 41 220 0
sw  173  59 47 51 110 0
sw  64  74 46 36 0 0
sw  848  550 142 110 660 330
sw  542  532 118 128 330 330
sw  190  533 140 127 0 330
sw  833  165 157 165 660 0
sw  500  187 160 143 330 0
sw  203  184 127 146 0 0
sw  1065  479 75 91 950 380
sw  880  504 70 66 760 380
sw  680  500 80 70 570 380
sw  475  479 95 91 380 380
sw  312  488 68 82 190 380
sw  97  496 93 74 0 380
sw  1072  310 68 70 950 190
sw  874  295 76 85 760 190
sw  665  295 95 85 570 190
sw  499  297 71 83 380 190
sw  289  314 91 66 190 190
sw  99  317 91 63 0 190
sw  1067  125 73 65 950 0
sw  857  117 93 73 760 0
sw  697  111 63 79 570 0
sw  487  98 83 92 380 0
sw  301  126 79 64 190 0
sw  101  109 89 81 0 0
sw  883  221 167 129 700 0
sw  536  208 164 142 350 0
sw  208  192 142 158 0 0
sw  949  408 91 112 780 260
sw  666  405 114 115 520 260
sw  419  417 101 103 260 260
sw  163  407 97 113 0 260
sw  915  133 125 127 780 0
sw  661  164 119 96 520 0
sw  407  148 113 112 260 0
sw  139  143 121 117 0 0
sw  1119  615 71 65 1020 510
sw  941  607 79 73 850 510
sw  773  613 77 67 680 510
sw  620  603 60 77 510 510
sw  437  612 73 68 340 510
sw  271  599 69 81 170 510
sw  92  597 78 83 0 510
sw  1112  452 78 58 1020 340
sw  942  454 78 56 850 340
sw  771  439 79 71 680 340
sw  615  426 65 84 510 340
sw  430  447 80 63 340 340
sw  266  428 74 82 170 340
sw  108  426 62 84 0 340
sw  1110  271 80 69 1020 170
sw  954  277 66 63 850 170
sw  770  272 80 68 680 170
sw  615  282 65 58 510 170
sw  451  260 59 80 340 170
sw  276  259 64 81 170 170
sw  89  266 81 74 0 170
sw  1121  112 69 58 1020 0
sw  949  111 71 59 850 0
sw  774  88 76 82 680 0
sw  596  85 84 85 510 0
sw  427  100 83 70 340 0
sw  279  106 61 64 170 0
sw  86  104 84 66 0 0
sw  909  348 291 252 600 0
sw  357  318 243 282 0 0
sw  335  360 315 290 0 0
sw  1052  476 88 94 950 380
sw  862  499 88 71 760 380
sw  670  506 90 64 570 380
sw  483  481 87 89 380 380
sw  305  478 75 92 190 380
sw  111  490 79 80 0 380
sw  1054  290 86 90 950 190
sw  869  288 81 92 760 190
sw  672  313 88 67 570 190
sw  506  313 64 67 380 190
sw  288  294 92 86 190 190
sw  101  299 89 81 0 190
sw  1053  112 87 78 950 0
sw  874  120 76 70 760 0
sw  690  113 70 77 570 0
sw  493  116 77 74 380 0
sw  291  125 89 65 190 0
sw  109  111 81 79 0 0
sw  818  338 222 182 520 0
sw  294  305 226 215 0 0
sw  771  298 249 212 510 0
sw  274  306 236 204 0 0
sw  951  204 129 156 720 0
sw  586  238 134 122 360 0
sw  204  207 156 153 0 0
sw  740  258 180 202 460 0
sw  237  259 223 201 0 0
sw  390  411 270 249 0 0
sw  1003  383 237 237 620 0
sw  340  403 280 217 0 0
sw  959  531 91 99 840 420
sw  739  541 101 89 630 420
sw  526  552 104 78 420 420
sw  324  547 96 83 210 420
sw  106  553 104 77 0 420
sw  970  336 80 84 840 210
sw  754  349 86 71 630 210
sw  530  339 100 81 420 210
sw  346  338 74 82 210 210
sw  111  321 99 99 0 210
sw  955  136 95 74 840 0
sw  752  125 88 85 630 0
sw  527  133 103 77 420 0
sw  346  122 74 88 210 0
sw  112  126 98 84 0 0
sw  909  226 141 124 700 0
sw  536  220 164 130 350 0
sw  225  204 125 146 0 0
sw  1033  472 127 108 870 290
sw  769  469 101 111 580 290
sw  458  466 122 114 290 290
sw  187  478 103 102 0 290
sw  1039  191 121 99 870 0
sw  755  147 115 143 580 0
sw  483  182 97 108 290 0
sw  181  155 109 135 0 0
sw  1118  602 72 78 1020 510
sw  940  607 80 73 850 510
sw  774  618 76 62 680 510
sw  606  603 74 77 510 510
sw  428  601 82 79 340 510
sw  282  623 58 57 170 510
sw  102  598 68 82 0 510
sw  1127  444 63 66 1020 340
sw  964  439 56 71 850 340
sw  769  426 81 84 680 340
sw  610  444 70 66 510 340
sw  440  434 70 76 340 340
sw  283  447 57 63 170 340
sw  112  441 58 69 0 340
sw  1122  279 68 61 1020 170
sw  955  255 65 85 850 170
sw  785  273 65 67 680 170
sw  599  258 81 82 510 170
sw  438  280 72 60 340 170
sw  284  266 56 74 170 170
sw  85  279 85 61 0 170
sw  1130  85 60 85 1020 0
sw  957  110 63 60 850 0
sw  783  98 67 72 680 0
sw  623  105 57 65 510 0
sw  438  95 72 75 340 0
sw  276  106 64 64 170 0
sw  88  107 82 63 0 0
sw  1049  377 101 83 920 230
sw  824  374 96 86 690 230
sw  602  357 88 103 460 230
sw  359  364 101 96 230 230
sw  153  374 77 86 0 230
sw  1043  119 107 111 920 0
sw  812  116 108 114 690 0
sw  593  123 97 107 460 0
sw  351  125 109 105 230 0
sw  117  131 113 99 0 0
sw  888  346 232 214 560 0
sw  343  327 217 233 0 0
sw  690  217 150 203 420 0
sw  226  228 194 192 0 0
sw  906  215 144 135 700 0
sw  554  207 146 143 350 0
sw  223  188 127 162 0 0
sw  764  273 176 197 470 0
sw  274  254 196 216 0 0
sw  732  254 228 226 480 0
sw  296  301 184 179 0 0
sw  372  390 268 250 0 0
sw  1155  544 45 56 1080 480
sw  1021  544 59 56 960 480
sw  904  545 56 55 840 480
sw  787  550 53 50 720 480
sw  674  547 46 53 600 480
sw  549  546 51 54 480 480
sw  420  560 60 40 360 480
sw  314  542 46 58 240 480
sw  198  557 42 43 120 480
sw  66  546 54 54 0 480
sw  1143  424 57 56 1080 360
sw  1032  430 48 50 960 360
sw  908  426 52 54 840 360
sw  800  426 40 54 720 360
sw  664  438 56 42 600 360
sw  560  433 40 47 480 360
sw  427  439 53 41 360 360
sw  315  424 45 56 240 360
sw  191  425 49 55 120 360
sw  80  437 40 43 0 360
sw  1144  309 56 51 1080 240
sw  1032  302 48 58 960 240
sw  916  301 44 59 840 240
sw  796  300 44 60 720 240
sw  663  312 57 48 600 240
sw  556  302 44 58 480 240
sw  434  319 46 41 360 240
sw  304  304 56 56 240 240
sw  185  306 55 54 120 240
sw  67  303 53 57 0 240
sw  1141  191 59 49 1080 120
sw  1031  187 49 53 960 120
sw  915  187 45 53 840 120
sw  781  193 59 47 720 120
sw  664  182 56 58 600 120
sw  547  200 53 40 480 120
sw  439  193 41 47 360 120
sw  301  189 59 51 240 120
sw  183  182 57 58 120 120
sw  72  184 48 56 0 120
sw  1152  73 48 47 1080 0
sw  1038  65 42 55 960 0
sw  911  65 49 55 840 0
sw  789  67 51 53 720 0
sw  672  75 48 45 600 0
sw  540  68 60 52 480 0
sw  438  77 42 43 360 0
sw  311  64 49 56 240 0
sw  195  71 45 49 120 0
sw  68  71 52 49 0 0
sw  1136  533 64 67 1050 450
sw  975  545 75 55 900 450
sw  841  540 59 60 750 450
sw  695  549 55 51 600 450
sw  547  539 53 61 450 450
sw  378  537 72 63 300 450
sw  226  528 74 72 150 450
sw  98  526 52 74 0 450
sw  1136  397 64 53 1050 300
sw  997  397 53 53 900 300
sw  832  389 68 61 750 300
sw  690  389 60 61 600 300
sw  525  397 75 53 450 300
sw  386  380 64 70 300 300
sw  238  400 62 50 150 300
sw  76  395 74 55 0 300
sw  1136  249 64 51 1050 150
sw  992  229 58 71 900 150
sw  831  240 69 60 750 150
sw  689  235 61 65 600 150
sw  543  236 57 64 450 150
sw  387  242 63 58 300 150
sw  228  230 72 70 150 150
sw  88  236 62 64 0 150
sw  1125  92 75 58 1050 0
sw  976  90 74 60 900 0
sw  831  81 69 69 750 0
sw  681  85 69 65 600 0
sw  542  82 58 68 450 0
sw  398  99 52 51 300 0
sw  244  79 56 71 150 0
sw  86  88 64 62 0 0
sw  936  333 224 247 580 0
sw  346  322 234 258 0 0
sw  1112  598 58 52 1040 520
sw  985  591 55 59 910 520
sw  845  589 65 61 780 520
sw  724  597 56 53 650 520
sw  597  604 53 46 520 520
sw  468  597 52 53 390 520
sw  335  607 55 43 260 520
sw  203  586 57 64 130 520
sw  66  601 64 49 0 520
sw  1113  458 57 62 1040 390
sw  980  469 60 51 910 390
sw  857  475 53 45 780 390
sw  734  472 46 48 650 390
sw  594  475 56 45 520 390
sw  469  476 51 44 390 390
sw  346  476 44 44 260 390
sw  205  473 55 47 130 390
sw  70  461 60 59 0 390
sw  1121  326 49 64 1040 260
sw  990  325 50 65 910 260
sw  848  335 62 55 780 260
sw  726  340 54 50 650 260
sw  594  341 56 49 520 260
sw  463  340 57 50 390 260
sw  335  325 55 65 260 260
sw  216  339 44 51 130 260
sw  66  341 64 49 0 260
sw  1119  201 51 59 1040 130
sw  976  215 64 45 910 130
sw  846  205 64 55 780 130
sw  720  206 60 54 650 130
sw  594  206 56 54 520 130
sw  471  201 49 59 390 130
sw  346  198 44 62 260 130
sw  201  196 59 64 130 130
sw  75  211 55 49 0 130
sw  1123  77 47 53 1040 0
sw  988  71 52 59 910 0
sw  858  83 52 47 780 0
sw  732  82 48 48 650 0
sw  607  78 43 52 520 0
sw  458  73 62 57 390 0
sw  327  79 63 51 260 0
sw  211  74 49 56 130 0
sw  77  83 53 47 0 0
sw  1046  479 114 101 870 290
sw  745  480 125 100 580 290
sw  476  445 104 135 290 290
sw  181  454 109 126 0 290
sw  1055  184 105 106 870 0
sw  758  169 112 121 580 0
sw  476  160 104 130 290 0
sw  147  193 143 97 0 0
sw  691  270 209 180 450 0
sw  289  251 161 199 0 0
sw  1076  502 64 68 950 380
sw  872  478 78 92 760 380
sw  677  502 83 68 570 380
sw  495  485 75 85 380 380
sw  292  483 88 87 190 380
sw  119  500 71 70 0 380
sw  1056  288 84 92 950 190
sw  856  309 94 71 760 190
sw  675  288 85 92 570 190
sw  492  299 78 81 380 190
sw  310  310 70 70 190 190
sw  119  301 71 79 0 190
sw  1060  95 80 95 950 0
sw  861  103 89 87 760 0
sw  681  104 79 86 570 0
sw  494  115 76 75 380 0
sw  306  102 74 88 190 0
sw  98  101 92 89 0 0
sw  970  343 210 247 590 0
sw  343  301 247 289 0 0
sw  672  226 188 204 430 0
sw  224  280 206 150 0 0
sw  1110  506 90 94 1000 400
sw  919  508 81 92 800 400
sw  729  508 71 92 600 400
sw  501  508 99 92 400 400
sw  312  530 88 70 200 400
sw  123  527 77 73 0 400
sw  1118  317 82 83 1000 200
sw  924  317 76 83 800 200
sw  713  314 87 86 600 200
sw  508  300 92 100 400 200
sw  306  303 94 97 200 200
sw  122  310 78 90 0 200
sw  1121  122 79 78 1000 0
sw  906  107 94 93 800 0
sw  702  129 98 71 600 0
sw  524  108 76 92 400 0
sw  330  104 70 96 200 0
sw  104  130 96 70 0 0
sw  1159  546 41 54 1080 480
sw  1032  555 48 45 960 480
sw  902  540 58 60 840 480
sw  786  542 54 58 720 480
sw  665  547 55 53 600 480
sw  542  547 58 53 480 480
sw  421  547 59 53 360 480
sw  318  543 42 57 240 480
sw  187  554 53 46 120 480
sw  68  558 52 42 0 480
sw  1143  436 57 44 1080 360
sw  1023  423 57 57 960 360
sw  907  435 53 45 840 360
sw  780  434 60 46 720 360
sw  680  421 40 59 600 360
sw  545  432 55 48 480 360
sw  422  420 58 60 360 360
sw  306  422 54 58 240 360
sw  190  421 50 59 120 360
sw  80  437 40 43 0 360
sw  1154  310 46 50 1080 240
sw  1027  309 53 51 960 240
sw  904  313 56 47 840 240
sw  780  314 60 46 720 240
sw  676  319 44 41 600 240
sw  543  303 57 57 480 240
sw  429  317 51 43 360 240
sw  304  305 56 55 240 240
sw  184  302 56 58 120 240
sw  62  304 58 56 0 240
sw  1158  200 42 40 1080 120
sw  1036  194 44 46 960 120
sw  920  183 40 57 840 120
sw  782  190 58 50 720 120
sw  668  198 52 42 600 120
sw  556  194 44 46 480 120
sw  427  196 53 44 360 120
sw  308  199 52 41 240 120
sw  196  198 44 42 120 120
sw  74  180 46 60 0 120
sw  1140  79 60 41 1080 0
sw  1033  75 47 45 960 0
sw  902  62 58 58 840 0
sw  793  79 47 41 720 0
sw  672  70 48 50 600 0
sw  543  69 57 51 480 0
sw  421  73 59 47 360 0
sw  300  63 60 57 240 0
sw  188  63 52 57 120 0
sw  78  67 42 53 0 0
sw  962  192 148 178 740 0
sw  604  189 136 181 370 0
sw  203  218 167 152 0 0
sw  1106  601 64 49 1040 520
sw  997  600 43 50 910 520
sw  864  605 46 45 780 520
sw  716  592 64 58 650 520
sw  601  592 49 58 520 520
sw  455  606 65 44 390 520
sw  337  594 53 56 260 520
sw  205  607 55 43 130 520
sw  79  606 51 44 0 520
sw  1127  464 43 56 1040 390
sw  983  474 57 46 910 390
sw  850  475 60 45 780 390
sw  733  467 47 53 650 390
sw  605  475 45 45 520 390
sw  462  476 58 44 390 390
sw  338  464 52 56 260 390
sw  217  460 43 60 130 390
sw  77  460 53 60 0 390
sw  1124  332 46 58 1040 260
sw  979  343 61 47 910 260
sw  857  334 53 56 780 260
sw  720  330 60 60 650 260
sw  601  341 49 49 520 260
sw  476  347 44 43 390 260
sw  345  330 45 60 260 260
sw  214  340 46 50 130 260
sw  68  336 62 54 0 260
sw  1122  213 48 47 1040 130
sw  996  204 44 56 910 130
sw  852  197 58 63 780 130
sw  718  202 62 58 650 130
sw  598  205 52 55 520 130
sw  464  206 56 54 390 130
sw  327  209 63 51 260 130
sw  205  199 55 61 130 130
sw  87  216 43 44 0 130
sw  1120  72 50 58 1040 0
sw  996  82 44 48 910 0
sw  851  70 59 60 780 0
sw  717  71 63 59 650 0
sw  586  87 64 43 520 0
sw  460  71 60 59 390 0
sw  329  77 61 53 260 0
sw  210  72 50 58 130 0
sw  73  70 57 60 0 0
sw  1161  555 39 45 1100 500
sw  1064  553 36 47 1000 500
sw  966  551 34 49 900 500
sw  857  559 43 41 800 500
sw  756  562 44 38 700 500
sw  650  555 50 45 600 500
sw  558  565 42 35 500 500
sw  452  554 48 46 400 500
sw  366  565 34 35 300 500
sw  264  555 36 45 200 500
sw  159  560 41 40 100 500
sw  66  561 34 39 0 500
sw  1166  467 34 33 1100 400
sw  1065  456 35 44 1000 400
sw  956  461 44 39 900 400
sw  851  451 49 49 800 400
sw  759  463 41 37 700 400
sw  666  451 34 49 600 400
sw  559  462 41 38 500 400
sw  463  463 37 37 400 400
sw  352  462 48 38 300 400
sw  259  458 41 42 200 400
sw  163  464 37 36 100 400
sw  57  452 43 48 0 400
sw  1153  356 47 44 1100 300
sw  1065  359 35 41 1000 300
sw  952  360 48 40 900 300
sw  853  363 47 37 800 300
sw  764  350 36 50 700 300
sw  658  366 42 34 600 300
sw  564  350 36 50 500 300
sw  465  360 35 40 400 300
sw  361  359 39 41 300 300
sw  255  350 45 50 200 300
sw  152  367 48 33 100 300
sw  55  350 45 50 0 300
sw  1160  253 40 47 1100 200
sw  1056  267 44 33 1000 200
sw  952  261 48 39 900 200
sw  856  261 44 39 800 200
sw  762  266 38 34 700 200
sw  651  261 49 39 600 200
sw  552  259 48 41 500 200
sw  452  260 48 40 400 200
sw  351  263 49 37 300 200
sw  258  258 42 42 200 200
sw  156  267 44 33 100 200
sw  61  250 39 50 0 200
sw  1154  157 46 43 1100 100
sw  1051  159 49 41 1000 100
sw  953  164 47 36 900 100
sw  856  167 44 33 800 100
sw  765  156 35 44 700 100
sw  650  158 50 42 600 100
sw  559  162 41 38 500 100
sw  450  152 50 48 400 100
sw  360  166 40 34 300 100
sw  256  156 44 44 200 100
sw  156  159 44 41 100 100
sw  60  166 40 34 0 100
sw  1154  56 46 44 1100 0
sw  1056  56 44 44 1000 0
sw  965  50 35 50 900 0
sw  856  67 44 33 800 0
sw  755  56 45 44 700 0
sw  660  64 40 36 600 0
sw  560  51 40 49 500 0
sw  451  63 49 37 400 0
sw  358  54 42 46 300 0
sw  260  55 40 45 200 0
sw  153  54 47 46 100 0
sw  62  57 38 43 0 0
sw  372  442 308 238 0 0
sw  970  363 250 247 610 0
sw  377  398 233 212 0 0
sw  906  202 144 148 700 0
sw  549  218 151 132 350 0
sw  175  229 175 121 0 0
sw  871  327 289 253 580 0
sw  344  336 236 244 0 0
sw  1110  592 60 58 1040 520
sw  991  588 49 62 910 520
sw  855  591 55 59 780 520
sw  716  593 64 57 650 520
sw  595  585 55 65 520 520
sw  472  601 48 49 390 520
sw  341  593 49 57 260 520
sw  213  590 47 60 130 520
sw  70  605 60 45 0 520
sw  1127  455 43 65 1040 390
sw  975  469 65 51 910 390
sw  855  457 55 63 780 390
sw  725  465 55 55 650 390
sw  600  458 50 62 520 390
sw  468  475 52 45 390 390
sw  334  465 56 55 260 390
sw  214  474 46 46 130 390
sw  67  474 63 46 0 390
sw  1107  338 63 52 1040 260
sw  984  330 56 60 910 260
sw  846  345 64 45 780 260
sw  715  344 65 46 650 260
sw  603  340 47 50 520 260
sw  457  326 63 64 390 260
sw  345  340 45 50 260 260
sw  199  342 61 48 130 260
sw  86  344 44 46 0 260
sw  1105  212 65 48 1040 130
sw  992  205 48 55 910 130
sw  849  204 61 56 780 130
sw  717  213 63 47 650 130
sw  603  209 47 51 520 130
sw  473  206 47 54 390 130
sw  338  199 52 61 260 130
sw  209  198 51 62 130 130
sw  73  208 57 52 0 130
sw  1117  68 53 62 1040 0
sw  989  87 51 43 910 0
sw  853  70 57 60 780 0
sw  737  65 43 65 650 0
sw  588  82 62 48 520 0
sw  465  72 55 58 390 0
sw  333  71 57 59 260 0
sw  203  74 57 56 130 0
sw  82  76 48 54 0 0
sw  888  371 232 189 560 0
sw  370  363 190 197 0 0
sw  841  347 279 213 560 0
sw  366  326 194 234 0 0
sw  819  319 221 201 520 0
sw  296  302 224 218 0 0
sw  1113  624 77 56 1020 510
sw  935  615 85 65 850 510
sw  780  607 70 73 680 510
sw  622  595 58 85 510 510
sw  454  622 56 58 340 510
sw  274  596 66 84 170 510
sw  100  604 70 76 0 510
sw  1118  429 72 81 1020 340
sw  964  437 56 73 850 340
sw  793  449 57 61 680 340
sw  595  425 85 85 510 340
sw  433  428 77 82 340 340
sw  268  440 72 70 170 340
sw  89  429 81 81 0 340
sw  1121  262 69 78 1020 170
sw  944  269 76 71 850 170
sw  775  273 75 67 680 170
sw  604  258 76 82 510 170
sw  444  267 66 73 340 170
sw  262  284 78 56 170 170
sw  90  260 80 80 0 170
sw  1119  86 71 84 1020 0
sw  949  103 71 67 850 0
sw  766  102 84 68 680 0
sw  614  88 66 82 510 0
sw  449  85 61 85 340 0
sw  284  110 56 60 170 0
sw  98  102 72 68 0 0
sw  741  270 179 190 460 0
sw  250  264 210 196 0 0
sw  927  431 113 89 780 260
sw  670  398 110 122 520 260
sw  417  415 103 105 260 260
sw  149  411 111 109 0 260
sw  944  133 96 127 780 0
sw  681  142 99 118 520 0
sw  390  162 130 98 260 0
sw  159  170 101 90 0 0
sw  348  353 322 317 0 0
sw  929  188 181 182 740 0
sw  606  210 134 160 370 0
sw  222  219 148 151 0 0
sw  922  210 128 140 700 0
sw  556  185 144 165 350 0
sw  187  213 163 137 0 0
sw  891  528 129 152 680 340
sw  523  564 157 116 340 340
sw  195  515 145 165 0 340
sw  883  176 137 164 680 0
sw  558  215 122 125 340 0
sw  177  192 163 148 0 0
sw  1064  227 166 183 820 0
sw  653  211 167 199 410 0
sw  245  258 165 152 0 0
sw  835  512 125 128 640 320
sw  502  531 138 109 320 320
sw  203  498 117 142 0 320
sw  828  186 132 134 640 0
sw  519  178 121 142 320 0
sw  177  186 143 134 0 0
sw  1132  511 108 109 930 310
sw  776  511 154 109 620 310
sw  515  513 105 107 310 310
sw  183  466 127 154 0 310
sw  1137  160 103 150 930 0
sw  819  158 111 152 620 0
sw  495  206 125 104 310 0
sw  198  177 112 133 0 0
sw  1112  513 128 107 930 310
sw  827  492 103 128 620 310
sw  479  500 141 120 310 310
sw  156  495 154 125 0 310
sw  1120  189 120 121 930 0
sw  792  161 138 149 620 0
sw  487  158 133 152 310 0
sw  172  205 138 105 0 0
sw  1130  511 70 89 1000 400
sw  920  509 80 91 800 400
sw  701  512 99 88 600 400
sw  508  511 92 89 400 400
sw  305  511 95 89 200 400
sw  119  513 81 87 0 400
sw  1131  312 69 88 1000 200
sw  934  315 66 85 800 200
sw  707  308 93 92 600 200
sw  523  304 77 96 400 200
sw  316  321 84 79 200 200
sw  106  301 94 99 0 200
sw  1119  103 81 97 1000 0
sw  933  130 67 70 800 0
sw  726  126 74 74 600 0
sw  509  134 91 66 400 0
sw  317  104 83 96 200 0
sw  132  103 68 97 0 0
sw  1045  359 105 101 920 230
sw  828  367 92 93 690 230
sw  611  350 79 110 460 230
sw  380  375 80 85 230 230
sw  124  357 106 103 0 230
sw  1052  126 98 104 920 0
sw  833  130 87 100 690 0
sw  577  147 113 83 460 0
sw  353  149 107 81 230 0
sw  138  152 92 78 0 0
sw  781  289 219 211 500 0
sw  256  311 244 189 0 0
sw  1007  260 163 130 780 0
sw  587  220 193 170 390 0
sw  224  202 166 188 0 0
sw  861  529 159 151 680 340
sw  541  560 139 120 340 340
sw  178  567 162 113 0 340
sw  889  171 131 169 680 0
sw  546  171 134 169 340 0
sw  227  180 113 160 0 0
sw  959  405 121 135 810 270
sw  696  410 114 130 540 270
sw  439  417 101 123 270 270
sw  157  423 113 117 0 270
sw  977  169 103 101 810 0
sw  713  156 97 114 540 0
sw  436  146 104 124 270 0
sw  178  156 92 114 0 0
sw  1060  459 140 141 900 300
sw  752  486 148 114 600 300
sw  474  490 126 110 300 300
sw  191  458 109 142 0 300
sw  1085  180 115 120 900 0
sw  777  165 123 135 600 0
sw  464  195 136 105 300 0
sw  183  165 117 135 0 0
sw  1012  567 88 93 880 440
sw  784  561 96 99 660 440
sw  580  555 80 105 440 440
sw  356  576 84 84 220 440
sw  122  582 98 78 0 440
sw  998  333 102 107 880 220
sw  786  335 94 105 660 220
sw  563  338 97 102 440 220
sw  355  353 85 87 220 220
sw  124  363 96 77 0 220
sw  1026  119 74 101 880 0
sw  774  130 106 90 660 0
sw  572  118 88 102 440 0
sw  333  123 107 97 220 0
sw  116  110 104 110 0 0
sw  770  299 190 181 480 0
sw  308  320 172 160 0 0
sw  647  276 193 144 420 0
sw  216  238 204 182 0 0
sw  344  410 326 260 0 0
sw  704  267 156 163 430 0
sw  233  252 197 178 0 0
sw  631  226 209 194 420 0
sw  213  257 207 163 0 0
sw  380  393 270 257 0 0
sw  1120  597 50 53 1040 520
sw  976  606 64 44 910 520
sw  849  589 61 61 780 520
sw  732  592 48 58 650 520
sw  587  592 63 58 520 520
sw  476  598 44 52 390 520
sw  347  585 43 65 260 520
sw  196  602 64 48 130 520
sw  72  602 58 48 0 520
sw  1110  471 60 49 1040 390
sw  975  455 65 65 910 390
sw  853  463 57 57 780 390
sw  734  474 46 46 650 390
sw  598  476 52 44 520 390
sw  476  462 44 58 390 390
sw  333  463 57 57 260 390
sw  205  455 55 65 130 390
sw  75  475 55 45 0 390
sw  1112  332 58 58 1040 260
sw  981  341 59 49 910 260
sw  847  333 63 57 780 260
sw  731  340 49 50 650 260
sw  587  342 63 48 520 260
sw  456  335 64 55 390 260
sw  330  337 60 53 260 260
sw  208  329 52 61 130 260
sw  77  342 53 48 0 260
sw  1124  208 46 52 1040 130
sw  983  210 57 50 910 130
sw  862  215 48 45 780 130
sw  717  217 63 43 650 130
sw  591  195 59 65 520 130
sw  458  195 62 65 390 130
sw  326  198 64 62 260 130
sw  196  215 64 45 130 130
sw  72  215 58 45 0 130
sw  1109  65 61 65 1040 0
sw  995  70 45 60 910 0
sw  852  80 58 50 780 0
sw  726  71 54 59 650 0
sw  594  80 56 50 520 0
sw  461  68 59 62 390 0
sw  340  73 50 57 260 0
sw  215  78 45 52 130 0
sw  66  71 64 59 0 0
sw  847  281 213 249 530 0
sw  334  290 196 240 0 0
sw  755  261 185 209 470 0
sw  308  253 162 217 0 0
sw  731  277 149 163 440 0
sw  243  277 197 163 0 0
sw  1058  504 82 66 950 380
sw  874  492 76 78 760 380
sw  668  481 92 89 570 380
sw  490  490 80 80 380 380
sw  312  491 68 79 190 380
sw  120  500 70 70 0 380
sw  1053  300 87 80 950 190
sw  867  290 83 90 760 190
sw  678  311 82 69 570 190
sw  507  304 63 76 380 190
sw  306  295 74 85 190 190
sw  109  313 81 67 0 190
sw  1061  113 79 77 950 0
sw  878  116 72 74 760 0
sw  667  111 93 79 570 0
sw  491  102 79 88 380 0
sw  287  103 93 87 190 0
sw  97  98 93 92 0 0
sw  798  292 182 198 490 0
sw  302  251 188 239 0 0
sw  1051  500 149 100 900 300
sw  776  484 124 116 600 300
sw  472  479 128 121 300 300
sw  181  486 119 114 0 300
sw  1088  161 112 139 900 0
sw  766  180 134 120 600 0
sw  450  168 150 132 300 0
sw  189  154 111 146 0 0
sw  868  304 252 256 560 0
sw  336  281 224 279 0 0
sw  1125  536 75 64 1050 450
sw  977  540 73 60 900 450
sw  839  542 61 58 750 450
sw  689  549 61 51 600 450
sw  550  546 50 54 450 450
sw  387  526 63 74 300 450
sw  240  534 60 66 150 450
sw  75  545 75 55 0 450
sw  1146  382 54 68 1050 300
sw  983  398 67 52 900 300
sw  828  400 72 50 750 300
sw  699  391 51 59 600 300
sw  540  379 60 71 450 300
sw  389  400 61 50 300 300
sw  239  388 61 62 150 300
sw  100  400 50 50 0 300
sw  1131  247 69 53 1050 150
sw  989  236 61 64 900 150
sw  842  243 58 57 750 150
sw  677  233 73 67 600 150
sw  549  245 51 55 450 150
sw  382  234 68 66 300 150
sw  232  249 68 51 150 150
sw  97  228 53 72 0 150
sw  1133  75 67 75 1050 0
sw  989  96 61 54 900 0
sw  833  94 67 56 750 0
sw  693  90 57 60 600 0
sw  541  92 59 58 450 0
sw  398  91 52 59 300 0
sw  246  81 54 69 150 0
sw  76  99 74 51 0 0
sw  1119  601 51 49 1040 520
sw  993  596 47 54 910 520
sw  860  596 50 54 780 520
sw  731  605 49 45 650 520
sw  586  600 64 50 520 520
sw  474  586 46 64 390 520
sw  340  595 50 55 260 520
sw  210  604 50 46 130 520
sw  75  595 55 55 0 520
sw  1107  461 63 59 1040 390
sw  988  456 52 64 910 390
sw  855  466 55 54 780 390
sw  737  475 43 45 650 390
sw  600  467 50 53 520 390
sw  471  467 49 53 390 390
sw  330  470 60 50 260 390
sw  217  458 43 62 130 390
sw  80  462 50 58 0 390
sw  1108  345 62 45 1040 260
sw  976  342 64 48 910 260
sw  859  339 51 51 780 260
sw  718  345 62 45 650 260
sw  606  335 44 55 520 260
sw  470  346 50 44 390 260
sw  328  340 62 50 260 260
sw  213  342 47 48 130 260
sw  79  336 51 54 0 260
sw  1115  214 55 46 1040 130
sw  992  202 48 58 910 130
sw  846  196 64 64 780 130
sw  726  201 54 59 650 130
sw  595  209 55 51 520 130
sw  471  205 49 55 390 130
sw  325  208 65 52 260 130
sw  203  201 57 59 130 130
sw  71  207 59 53 0 130
sw  1112  67 58 63 1040 0
sw  977  74 63 56 910 0
sw  860  78 50 52 780 0
sw  733  77 47 53 650 0
sw  590  77 60 53 520 0
sw  468  82 52 48 390 0
sw  326  80 64 50 260 0
sw  207  83 53 47 130 0
sw  85  70 45 60 0 0
